INDEX GRAMMATICUS. 995

mumma 1196.
mummia 461
11111161161111 466.

mmmmm 657.
1111111116161111116156.
11161661611111 4691.
1464411611 6661
1111161111 ος 4864. 6890.
11111161116161166, 1646, 9840.
1644161641 6466
1644464144 ⁵⁰2³, 6699
1111111 1611111917.
11111118611511161 6016.
11111161119146.
111111611661614086.

1444114144 5649
11116666161161 4690.

1111161616166 4181.
1616611161 168.

1818861188 888

navatem 48411 1166161161.Β.01111-

11111611611614 8749.
11611611106616161 5976.
116116611161 4098.
116116141111116161 9146, 9560,
1611661161 8187.
116116111161 8761.
111116616161 1999, 9906.
metumve 1.·84
1166616166161461161 4818.
116666611661 4889.
1616166161 1850.
...8191188111
16611661616406,6460.
111161611116191, 190.
1161661161619998, 5480.
116116116661 4978.
’1116066161 6176.
1111666111161 6471.
νυμφοκοσμεῖσθαι 6667.

11166111616660.
6661614 1166161 118.

1611611111 11611111. 96 m 111111. ad 66611111 vta 6149.
11661. 11611φό1 1141116οα 161614 6661661161616697.
aum τον 1116161 1111161, 66 vav 6161616111 9848

ι 1161616116. 861111111.16611661 &mosam 68858.
τοῖς 1161116161, 111 amoto 16 6081666166 8060, 4186.

1116616116611161161111116111111611111 119.

160161. 111111. Fun„

11616611 11166981 1166111118 chry·

61116161111161 5196
6161611166· 861.

1611611111 1114116141161111116- 6161ο6611114 995.
166111111111161116111116116 vita 6161666110 946
8.(1111611111116111111161116111111 66061 1111161116 6694.
611,111111 cneci 66111111τί11 66- 6111111161 1859, 8696.
6918811118189889861 1888881688
1111111181611111161661618611 dgvfflewq 160.

6666018161180.

1111161611η116φ111116111161697.

11 111 collectione 8111116611. 6616116161 6471.
1661111119 8111Ν119 119116- 6611661611491.
1111141111.111.1.ο.1.1111111 6616161661 6498.
1611161161616111161111,11111 66061161611114461.
1161116611 1116166611. 14111111. 661611 oxos 4910, 6898.

861τῆ166111161,61111111611161, 6166616116 178, 867, 4980

161616666191111.

1 60111114 6140.

1166611111 1111161991 1111 111111·1αι661161616998.

111. 111111.
1161611616616 4448.
1666111116 4797.

1666611111 1166.
1106611111 5106.
1161111161 161061 9068.
1611616116 1059.
1611616161 909.
1611616011 8667, 4797.
1611611111111 8949.
1111611φέ01 6694.

mm 16 9098
1616161161615047.
11111165161614060, 4188.
16111161619981
1111661161 9087
1616111116 4108.
161161619648.
1886818861
16116016111111 80
16116110161978.

 

